172.16.0.0/12 - VPC Network CIDR

172.16.0.0/28  - Subnet Primary Address Range (Nodes)

Address:   172.16.0.0           10101100.00010000.00000000.0000 0000
Netmask:   255.255.255.240 = 28 11111111.11111111.11111111.1111 0000
Wildcard:  0.0.0.15             00000000.00000000.00000000.0000 1111
=>
Network:   172.16.0.0/28        10101100.00010000.00000000.0000 0000
HostMin:   172.16.0.1           10101100.00010000.00000000.0000 0001
HostMax:   172.16.0.14          10101100.00010000.00000000.0000 1110
Broadcast: 172.16.0.15          10101100.00010000.00000000.0000 1111
Hosts/Net: 14                    Class B, Private Internet


172.17.0.0/16  - Subnet Secondary Address Range (Pods)

Address:   172.17.0.0           10101100.00010001. 00000000.00000000
Netmask:   255.255.0.0 = 16     11111111.11111111. 00000000.00000000
Wildcard:  0.0.255.255          00000000.00000000. 11111111.11111111
=>
Network:   172.17.0.0/16        10101100.00010001. 00000000.00000000
HostMin:   172.17.0.1           10101100.00010001. 00000000.00000001
HostMax:   172.17.255.254       10101100.00010001. 11111111.11111110
Broadcast: 172.17.255.255       10101100.00010001. 11111111.11111111
Hosts/Net: 65534                 Class B, Private Internet


172.18.0.0/20  - Subnet Secondary Address Range (Services)

Address:   172.18.0.0           10101100.00010010.0000 0000.00000000
Netmask:   255.255.240.0 = 20   11111111.11111111.1111 0000.00000000
Wildcard:  0.0.15.255           00000000.00000000.0000 1111.11111111
=>
Network:   172.18.0.0/20        10101100.00010010.0000 0000.00000000
HostMin:   172.18.0.1           10101100.00010010.0000 0000.00000001
HostMax:   172.18.15.254        10101100.00010010.0000 1111.11111110
Broadcast: 172.18.15.255        10101100.00010010.0000 1111.11111111
Hosts/Net: 4094                  Class B, Private Internet

